0
3 0.027778 1 0.944444 2 0.027778 1
3 0.038462 1 0.923077 2 0.038462 1
81 0.000000 0.000000 0.416667 0.500000 0.333333 0.333333 0.333333 0.250000 0.000000 0.000000 0.416667 0.083333 0.000000 0.000000 0.000000 0.000000 0.250000 0.166667 0.125000 0.333333 0.000000 0.000000 0.000000 0.000000 0.000000 0.000000 0.500000 0.500000 0.000000 0.000000 0.000000 0.000000 0.000000 0.000000 0.000000 0.333333 0.500000 0.000000 0.000000 0.000000 0.000000 0.000000 0.000000 0.000000 0.333333 0.000000 0.000000 0.000000 0.000000 0.000000 0.000000 0.000000 0.000000 0.000000 0.375000 0.083333 0.000000 0.000000 0.000000 0.000000 0.000000 0.000000 0.333333 0.000000 0.416667 0.000000 0.000000 0.000000 0.000000 0.000000 0.250000 0.250000 0.000000 0.083333 0.416667 0.333333 0.250000 0.250000 0.416667 0.166667 0.000000
0
3 0.028571 1 0.942857 2 0.028571 1
3 0.038462 1 0.923077 2 0.038462 1
81 0.000000 0.000000 0.333333 0.333333 0.333333 0.555556 0.111111 0.000000 0.000000 0.000000 0.166667 0.333333 0.000000 0.000000 0.000000 0.250000 0.333333 0.000000 0.000000 0.333333 0.000000 0.000000 0.000000 0.000000 0.000000 0.083333 0.333333 0.375000 0.083333 0.000000 0.000000 0.000000 0.000000 0.000000 0.000000 0.333333 0.625000 0.000000 0.000000 0.000000 0.000000 0.000000 0.000000 0.000000 0.333333 0.000000 0.000000 0.000000 0.000000 0.000000 0.000000 0.000000 0.000000 0.000000 0.500000 0.000000 0.000000 0.000000 0.000000 0.000000 0.000000 0.000000 0.416667 0.375000 0.416667 0.000000 0.000000 0.000000 0.000000 0.000000 0.250000 0.166667 0.000000 0.083333 0.416667 0.333333 0.250000 0.333333 0.333333 0.083333 0.000000
1
1 1.000000 1
1 1.000000 1
81 0.000000 0.000000 0.000000 0.000000 0.000000 0.000000 0.000000 0.000000 1.000000 0.000000 0.000000 0.000000 0.000000 0.000000 0.000000 0.000000 1.000000 0.333333 0.000000 0.000000 0.000000 0.000000 0.000000 0.666667 0.000000 0.666667 0.000000 0.000000 0.000000 0.000000 0.000000 0.000000 1.000000 0.000000 0.000000 0.000000 0.000000 0.000000 0.000000 0.000000 0.000000 1.000000 0.000000 0.000000 0.000000 0.000000 0.000000 0.000000 0.000000 0.000000 0.000000 0.000000 0.000000 0.000000 0.000000 0.000000 0.000000 1.000000 0.000000 0.000000 0.000000 0.000000 0.000000 0.000000 1.000000 0.000000 0.000000 0.000000 0.000000 0.000000 0.000000 0.000000 0.000000 1.000000 0.000000 0.000000 0.000000 0.000000 0.000000 0.000000 0.000000
1
1 1.000000 1
1 1.000000 1
81 0.000000 0.000000 0.000000 0.000000 0.000000 0.000000 0.000000 0.000000 1.000000 0.000000 0.000000 0.000000 0.000000 0.000000 0.000000 0.000000 0.000000 1.000000 0.000000 0.000000 0.000000 0.000000 0.000000 0.000000 0.250000 0.000000 0.750000 0.000000 0.000000 0.000000 0.000000 0.333333 0.000000 1.000000 0.000000 0.000000 0.000000 0.000000 0.000000 0.000000 1.000000 0.000000 0.000000 0.000000 0.000000 0.000000 0.000000 0.000000 0.000000 0.000000 0.000000 0.000000 0.000000 0.000000 0.000000 0.000000 1.000000 0.000000 0.000000 0.000000 0.000000 0.000000 0.000000 0.000000 0.000000 1.000000 0.000000 0.000000 0.000000 0.000000 0.000000 0.000000 0.000000 0.000000 1.000000 0.000000 0.000000 0.000000 0.000000 0.000000 0.000000
2
3 0.037037 1 0.148148 2 0.814815 1
5 0.086957 1 0.260870 2 0.347826 3 0.043478 2 0.260870 1
81 0.166667 0.444444 0.333333 0.333333 0.333333 0.444444 0.166667 0.000000 0.000000 0.500000 0.000000 0.000000 0.000000 0.000000 0.000000 0.500000 0.000000 0.000000 0.000000 0.000000 0.000000 0.000000 0.000000 0.000000 0.500000 0.000000 0.000000 0.000000 0.000000 0.000000 0.000000 0.000000 0.000000 0.500000 0.000000 0.000000 0.000000 0.000000 0.000000 0.000000 0.000000 0.222222 0.333333 0.000000 0.000000 0.000000 0.000000 0.000000 0.000000 0.000000 0.000000 0.000000 0.000000 0.000000 0.000000 0.000000 0.000000 0.000000 0.500000 0.111111 0.000000 0.000000 0.000000 0.000000 0.000000 0.333333 0.444444 0.000000 0.000000 0.000000 0.000000 0.000000 0.000000 0.333333 0.333333 0.333333 0.333333 0.444444 0.333333 0.333333 0.444444
2
3 0.028571 1 0.114286 2 0.857143 1
4 0.259259 2 0.518519 3 0.037037 2 0.185185 1
81 0.000000 0.444444 0.444444 0.333333 0.333333 0.444444 0.000000 0.000000 0.000000 0.250000 0.083333 0.000000 0.000000 0.000000 0.000000 0.416667 0.000000 0.000000 0.000000 0.000000 0.000000 0.000000 0.000000 0.000000 0.000000 0.333333 0.000000 0.000000 0.000000 0.000000 0.000000 0.000000 0.000000 0.000000 0.333333 0.000000 0.000000 0.000000 0.000000 0.000000 0.000000 0.000000 0.000000 0.333333 0.000000 0.000000 0.000000 0.000000 0.000000 0.000000 0.000000 0.000000 0.000000 0.000000 0.000000 0.000000 0.000000 0.000000 0.000000 0.166667 0.333333 0.000000 0.000000 0.000000 0.000000 0.000000 0.250000 0.250000 0.250000 0.000000 0.000000 0.000000 0.500000 0.500000 0.583333 0.333333 0.250000 0.250000 0.250000 0.250000 0.250000
3
7 0.034483 1 0.034483 2 0.379310 1 0.034483 2 0.344828 1 0.137931 2 0.034483 1
6 0.117647 1 0.411765 3 0.294118 4 0.058824 3 0.058824 2 0.058824 1
81 0.000000 0.333333 0.333333 0.333333 0.333333 0.500000 0.333333 0.166667 0.000000 0.000000 0.000000 0.000000 0.000000 0.000000 0.000000 0.000000 0.500000 0.000000 0.000000 0.000000 0.000000 0.000000 0.000000 0.000000 0.166667 0.666667 0.000000 0.000000 0.000000 0.000000 0.000000 0.166667 0.333333 0.500000 0.000000 0.000000 0.000000 0.250000 0.375000 0.250000 0.375000 0.250000 0.375000 0.250000 0.125000 0.000000 0.000000 0.000000 0.000000 0.000000 0.000000 0.000000 0.000000 0.000000 0.000000 0.000000 0.000000 0.000000 0.000000 0.000000 0.000000 0.000000 0.500000 0.333333 0.000000 0.000000 0.000000 0.000000 0.000000 0.000000 0.000000 0.500000 0.250000 0.375000 0.250000 0.250000 0.250000 0.250000 0.375000 0.375000 0.375000
3
7 0.029412 1 0.205882 2 0.235294 1 0.088235 2 0.294118 1 0.117647 2 0.029412 1
8 0.136364 1 0.045455 2 0.136364 3 0.090909 4 0.272727 3 0.227273 4 0.045455 3 0.045455 1
81 0.000000 0.000000 0.222222 0.500000 0.333333 0.333333 0.333333 0.500000 0.000000 0.000000 0.375000 0.166667 0.000000 0.000000 0.000000 0.000000 0.000000 0.333333 0.000000 0.125000 0.083333 0.000000 0.000000 0.000000 0.000000 0.000000 0.416667 0.000000 0.000000 0.000000 0.000000 0.000000 0.000000 0.083333 0.375000 0.083333 0.000000 0.000000 0.333333 0.333333 0.666667 0.500000 0.444444 0.000000 0.000000 0.000000 0.000000 0.000000 0.000000 0.000000 0.000000 0.000000 0.000000 0.000000 0.000000 0.000000 0.000000 0.000000 0.000000 0.000000 0.000000 0.000000 0.333333 0.125000 0.000000 0.000000 0.000000 0.000000 0.000000 0.000000 0.000000 0.416667 0.250000 0.250000 0.416667 0.250000 0.250000 0.250000 0.250000 0.250000 0.250000
4
3 0.029412 1 0.588235 2 0.382353 1
5 0.040000 1 0.440000 2 0.160000 1 0.120000 2 0.240000 1
81 0.000000 0.000000 0.000000 0.222222 0.166667 0.000000 0.444444 0.000000 0.000000 0.000000 0.000000 0.083333 0.416667 0.000000 0.000000 0.333333 0.000000 0.000000 0.000000 0.000000 0.416667 0.000000 0.000000 0.000000 0.333333 0.000000 0.000000 0.000000 0.416667 0.083333 0.000000 0.000000 0.000000 0.333333 0.000000 0.000000 0.166667 0.444444 0.000000 0.000000 0.000000 0.000000 0.333333 0.000000 0.000000 0.000000 0.000000 0.000000 0.000000 0.000000 0.000000 0.000000 0.000000 0.000000 0.000000 0.000000 0.000000 0.000000 0.000000 0.333333 0.250000 0.250000 0.250000 0.000000 0.000000 0.000000 0.000000 0.000000 0.333333 0.000000 0.000000 0.000000 0.000000 0.000000 0.000000 0.000000 0.000000 0.333333 0.000000 0.000000 0.000000
4
2 0.628571 2 0.371429 1
7 0.035714 1 0.357143 2 0.035714 1 0.071429 2 0.035714 1 0.035714 2 0.428571 1
81 0.000000 0.000000 0.111111 0.333333 0.111111 0.222222 0.000000 0.000000 0.000000 0.000000 0.000000 0.333333 0.000000 0.333333 0.000000 0.000000 0.000000 0.000000 0.000000 0.166667 0.166667 0.000000 0.333333 0.000000 0.000000 0.000000 0.000000 0.083333 0.500000 0.000000 0.000000 0.333333 0.000000 0.000000 0.000000 0.000000 0.416667 0.000000 0.000000 0.000000 0.333333 0.000000 0.000000 0.000000 0.000000 0.000000 0.000000 0.000000 0.000000 0.000000 0.000000 0.000000 0.000000 0.000000 0.000000 0.000000 0.000000 0.000000 0.333333 0.000000 0.000000 0.000000 0.000000 0.000000 0.000000 0.000000 0.000000 0.416667 0.000000 0.000000 0.000000 0.000000 0.000000 0.000000 0.000000 0.000000 0.333333 0.000000 0.000000 0.000000 0.000000
5
5 0.083333 1 0.027778 2 0.750000 1 0.111111 2 0.027778 1
5 0.086957 1 0.043478 2 0.782609 3 0.043478 2 0.043478 1
81 0.000000 0.500000 0.250000 0.250000 0.250000 0.250000 0.250000 0.250000 0.083333 0.000000 0.333333 0.000000 0.000000 0.000000 0.000000 0.000000 0.000000 0.000000 0.000000 0.333333 0.000000 0.000000 0.000000 0.000000 0.000000 0.000000 0.000000 0.000000 0.416667 0.000000 0.000000 0.000000 0.000000 0.000000 0.000000 0.000000 0.000000 0.250000 0.250000 0.250000 0.250000 0.250000 0.250000 0.333333 0.000000 0.000000 0.000000 0.000000 0.000000 0.000000 0.000000 0.000000 0.000000 0.000000 0.000000 0.000000 0.000000 0.000000 0.000000 0.000000 0.000000 0.000000 0.333333 0.125000 0.000000 0.000000 0.000000 0.000000 0.000000 0.000000 0.000000 0.333333 0.375000 0.416667 0.250000 0.250000 0.250000 0.250000 0.250000 0.250000 0.250000
5
3 0.885714 1 0.085714 2 0.028571 1
4 0.033333 1 0.033333 2 0.900000 3 0.033333 1
81 0.000000 0.555556 0.333333 0.333333 0.333333 0.333333 0.333333 0.333333 0.250000 0.250000 0.083333 0.000000 0.000000 0.000000 0.000000 0.000000 0.000000 0.000000 0.416667 0.000000 0.000000 0.000000 0.000000 0.000000 0.000000 0.000000 0.000000 0.333333 0.250000 0.250000 0.166667 0.000000 0.000000 0.000000 0.000000 0.000000 0.000000 0.000000 0.000000 0.083333 0.250000 0.250000 0.250000 0.250000 0.000000 0.000000 0.000000 0.000000 0.000000 0.000000 0.000000 0.000000 0.000000 0.250000 0.000000 0.000000 0.000000 0.000000 0.000000 0.000000 0.000000 0.000000 0.312500 0.000000 0.000000 0.000000 0.000000 0.000000 0.000000 0.000000 0.000000 0.312500 0.416667 0.333333 0.250000 0.250000 0.250000 0.312500 0.250000 0.250000 0.062500
6
5 0.344828 1 0.034483 2 0.034483 3 0.551724 2 0.034483 1
5 0.058824 1 0.058824 2 0.411765 3 0.411765 2 0.058824 1
81 0.000000 0.000000 0.000000 0.166667 0.666667 0.000000 0.000000 0.000000 0.000000 0.000000 0.000000 0.166667 0.500000 0.000000 0.000000 0.000000 0.000000 0.000000 0.000000 0.000000 0.500000 0.000000 0.000000 0.000000 0.000000 0.000000 0.000000 0.000000 0.666667 0.166667 0.500000 0.333333 0.500000 0.166667 0.000000 0.000000 0.500000 0.375000 0.125000 0.000000 0.000000 0.000000 0.375000 0.375000 0.000000 0.000000 0.000000 0.000000 0.000000 0.000000 0.000000 0.000000 0.000000 0.000000 1.000000 0.000000 0.000000 0.000000 0.000000 0.000000 0.000000 0.000000 0.500000 1.000000 0.000000 0.000000 0.000000 0.000000 0.000000 0.000000 0.166667 0.666667 0.250000 0.500000 0.250000 0.250000 0.250000 0.375000 0.375000 0.375000 0.000000
6
5 0.416667 1 0.027778 2 0.194444 3 0.333333 2 0.027778 1
4 0.037037 1 0.666667 3 0.259259 2 0.037037 1
81 0.000000 0.000000 0.000000 0.166667 0.250000 0.250000 0.083333 0.000000 0.000000 0.000000 0.083333 0.416667 0.166667 0.000000 0.000000 0.000000 0.000000 0.000000 0.250000 0.333333 0.000000 0.000000 0.000000 0.000000 0.000000 0.000000 0.000000 0.333333 0.000000 0.083333 0.250000 0.166667 0.000000 0.000000 0.000000 0.000000 0.333333 0.416667 0.250000 0.000000 0.083333 0.250000 0.416667 0.250000 0.000000 0.000000 0.000000 0.000000 0.000000 0.000000 0.000000 0.000000 0.000000 0.000000 0.333333 0.000000 0.000000 0.000000 0.000000 0.000000 0.000000 0.000000 0.333333 0.416667 0.000000 0.000000 0.000000 0.000000 0.000000 0.000000 0.083333 0.416667 0.250000 0.333333 0.250000 0.333333 0.250000 0.250000 0.250000 0.416667 0.000000
7
1 1.000000 1
3 0.421053 1 0.526316 2 0.052632 1
81 0.333333 0.333333 0.333333 0.333333 0.500000 0.333333 0.333333 0.500000 0.333333 0.000000 0.000000 0.000000 0.000000 0.000000 0.000000 0.000000 0.000000 0.444444 0.000000 0.000000 0.000000 0.000000 0.000000 0.000000 0.000000 0.000000 0.416667 0.000000 0.000000 0.000000 0.000000 0.000000 0.000000 0.000000 0.500000 0.111111 0.000000 0.000000 0.000000 0.000000 0.000000 0.000000 0.333333 0.333333 0.000000 0.000000 0.000000 0.000000 0.000000 0.000000 0.000000 0.000000 0.000000 0.000000 0.000000 0.000000 0.000000 0.000000 0.000000 0.666667 0.000000 0.000000 0.000000 0.000000 0.000000 0.000000 0.000000 0.000000 0.500000 0.000000 0.000000 0.000000 0.000000 0.000000 0.000000 0.000000 0.500000 0.250000 0.000000 0.000000 0.000000
7
1 1.000000 1
3 0.741935 1 0.225806 2 0.032258 1
81 0.333333 0.333333 0.333333 0.333333 0.333333 0.333333 0.333333 0.333333 0.500000 0.000000 0.000000 0.000000 0.000000 0.000000 0.000000 0.000000 0.000000 0.312500 0.000000 0.000000 0.000000 0.000000 0.000000 0.000000 0.000000 0.000000 0.312500 0.000000 0.000000 0.000000 0.000000 0.000000 0.000000 0.000000 0.000000 0.250000 0.000000 0.000000 0.000000 0.000000 0.000000 0.000000 0.000000 0.333333 0.000000 0.000000 0.000000 0.000000 0.000000 0.000000 0.000000 0.000000 0.333333 0.000000 0.000000 0.000000 0.000000 0.000000 0.000000 0.000000 0.000000 0.333333 0.000000 0.000000 0.000000 0.000000 0.000000 0.000000 0.000000 0.000000 0.416667 0.000000 0.000000 0.000000 0.000000 0.000000 0.000000 0.000000 0.250000 0.000000 0.000000
8
5 0.027027 1 0.432432 2 0.054054 1 0.459459 2 0.027027 1
5 0.055556 2 0.388889 4 0.166667 3 0.333333 4 0.055556 2
81 0.250000 0.375000 0.250000 0.250000 0.250000 0.250000 0.375000 0.500000 0.000000 0.625000 0.000000 0.000000 0.000000 0.000000 0.000000 0.000000 0.125000 0.625000 0.625000 0.000000 0.000000 0.000000 0.000000 0.000000 0.000000 0.125000 0.625000 0.125000 0.500000 0.250000 0.000000 0.000000 0.000000 0.250000 0.375000 0.000000 0.000000 0.000000 0.000000 0.375000 0.625000 0.750000 0.000000 0.000000 0.000000 0.000000 0.000000 0.000000 0.000000 0.000000 0.000000 0.000000 0.000000 0.000000 0.500000 0.250000 0.000000 0.000000 0.000000 0.000000 0.000000 0.375000 0.375000 0.500000 0.000000 0.000000 0.000000 0.000000 0.000000 0.000000 0.000000 0.625000 0.300000 0.300000 0.300000 0.200000 0.200000 0.200000 0.200000 0.400000 0.400000
8
5 0.026316 1 0.447368 2 0.026316 1 0.473684 2 0.026316 1
9 0.047619 1 0.095238 2 0.047619 3 0.285714 4 0.142857 3 0.238095 4 0.047619 3 0.047619 2 0.047619 1
81 0.000000 0.000000 0.416667 0.250000 0.250000 0.333333 0.250000 0.250000 0.250000 0.000000 0.375000 0.166667 0.000000 0.000000 0.000000 0.000000 0.000000 0.333333 0.000000 0.500000 0.000000 0.000000 0.000000 0.000000 0.000000 0.000000 0.500000 0.000000 0.125000 0.333333 0.125000 0.000000 0.000000 0.000000 0.500000 0.083333 0.000000 0.000000 0.000000 0.300000 0.500000 0.333333 0.200000 0.000000 0.000000 0.000000 0.000000 0.000000 0.000000 0.000000 0.000000 0.000000 0.000000 0.000000 0.625000 0.000000 0.000000 0.000000 0.000000 0.000000 0.000000 0.375000 0.083333 0.625000 0.000000 0.000000 0.000000 0.000000 0.000000 0.000000 0.000000 0.333333 0.200000 0.300000 0.200000 0.300000 0.200000 0.200000 0.200000 0.300000 0.200000
9
9 0.026316 1 0.210526 2 0.105263 3 0.078947 2 0.052632 3 0.026316 2 0.289474 1 0.184211 2 0.026316 1
4 0.050000 2 0.800000 3 0.100000 2 0.050000 1
81 0.000000 0.375000 0.375000 0.375000 0.250000 0.250000 0.375000 0.250000 0.416667 0.625000 0.125000 0.000000 0.000000 0.000000 0.000000 0.000000 0.000000 0.666667 0.500000 0.000000 0.000000 0.000000 0.000000 0.000000 0.000000 0.000000 0.666667 0.625000 0.000000 0.000000 0.000000 0.000000 0.000000 0.000000 0.250000 0.583333 0.100000 0.300000 0.200000 0.200000 0.266667 0.200000 0.200000 0.000000 0.333333 0.000000 0.000000 0.000000 0.000000 0.000000 0.000000 0.000000 0.000000 0.000000 0.000000 0.000000 0.000000 0.000000 0.000000 0.000000 0.000000 0.250000 0.250000 0.375000 0.000000 0.000000 0.000000 0.000000 0.000000 0.000000 0.500000 0.000000 0.100000 0.300000 0.300000 0.300000 0.200000 0.300000 0.400000 0.200000 0.000000
9
7 0.027027 1 0.108108 2 0.135135 3 0.108108 2 0.108108 3 0.027027 2 0.486486 1
5 0.041667 1 0.333333 2 0.500000 3 0.041667 2 0.083333 1
81 0.000000 0.000000 0.250000 0.375000 0.333333 0.250000 0.250000 0.083333 0.000000 0.000000 0.250000 0.166667 0.000000 0.000000 0.000000 0.000000 0.416667 0.333333 0.500000 0.083333 0.000000 0.000000 0.000000 0.000000 0.000000 0.166667 0.666667 0.500000 0.000000 0.000000 0.000000 0.000000 0.000000 0.375000 0.333333 0.500000 0.375000 0.250000 0.250000 0.250000 0.250000 0.333333 0.000000 0.000000 0.416667 0.000000 0.000000 0.000000 0.000000 0.000000 0.000000 0.000000 0.000000 0.000000 0.000000 0.000000 0.000000 0.000000 0.000000 0.000000 0.000000 0.416667 0.000000 0.000000 0.000000 0.000000 0.000000 0.000000 0.000000 0.125000 0.416667 0.000000 0.000000 0.000000 0.000000 0.100000 0.266667 0.266667 0.400000 0.000000 0.000000
